L 0 34 67 41
L 58 78 24 69
L 45 5 64 62
L 91 61 27 81
L 36 27 42 95
L 53 2 4 91
L 16 21 82 92
L 26 47 95 18
L 12 69 38 71
L 94 35 99 67
L 33 22 11 3
L 11 41 64 73
L 44 47 68 53
L 59 37 57 62
L 78 29 41 23
L 42 90 35 16
L 42 40 6 88
L 5 46 48 64
L 50 70 29 90
L 48 93 1 6
L 54 84 23 29
L 76 66 40 56
L 39 44 8 31
L 38 37 23 26
L 41 29 82 18
L 58 39 15 33
L 6 77 30 4
L 45 21 86 73
L 29 70 72 24
L 12 97 73 77
L 36 61 90 86
L 74 55 67 55
L 50 50 52 31
L 30 66 24 41
L 37 7 91 7
L 83 53 87 57
L 58 9 9 45
L 46 22 88 21
L 68 13 30 6
L 55 62 91 0
L 37 24 59 10
L 41 95 83 48
L 36 91 50 2
L 21 96 20 74
L 84 68 99 48
L 99 53 34 81
L 88 0 38 18
L 93 28 67 27
L 21 7 83 48
L 14 13 17 10
L 51 35 16 9
L 56 19 49 0
L 8 24 3 98
L 2 89 9 44
L 43 93 85 95
L 3 14 87 23
L 18 58 0 48
L 81 98 96 80
L 57 9 98 89
L 92 38 22 72
L 57 90 79 38
L 88 15 91 58
L 34 2 11 56
L 46 28 55 72
L 33 75 86 62
L 16 44 42 69
L 51 22 98 81
L 76 57 99 21
L 12 75 89 92
L 69 3 10 0
L 89 1 88 61
L 85 2 23 55
L 26 88 85 82
L 32 32 57 17
L 89 21 54 69
L 92 68 29 76
L 49 34 55 25
L 60 45 12 41
L 23 39 53 18
L 29 87 96 79
L 49 66 37 49
L 16 97 95 93
L 82 88 5 86
L 1 14 34 55
L 63 86 71 16
L 53 85 55 13
L 45 32 8 12
L 58 21 56 13
L 44 81 82 46
L 61 29 22 96
L 66 73 50 35
L 39 92 59 44
L 10 54 24 53
L 13 86 49 45
L 18 68 22 74
L 91 58 5 87
L 14 77 25 2
L 74 34 24 14
L 70 33 59 72
L 77 18 97 87
L 68 63 70 73
L 80 2 85 92
L 99 2 27 13
L 24 43 25 27
L 81 61 72 23
L 93 5 32 3
L 42 92 31 25
L 0 64 86 22
L 74 13 60 87
L 33 35 70 70
L 67 96 60 11
L 94 40 50 85
L 25 19 24 95
L 2 58 94 76
L 93 78 66 71
L 64 18 84 51
L 87 0 52 19
L 57 10 26 60
L 27 76 15 70
L 9 64 58 43
L 87 65 86 82
L 27 25 74 77
L 20 23 28 29
L 96 23 62 2
L 25 95 61 37
L 16 2 60 64
L 71 11 26 30
L 20 53 47 11
L 63 88 24 90
L 29 62 51 40
L 78 58 13 0
L 0 77 7 65
L 60 3 39 58
L 8 77 24 57
L 50 1 87 13
L 84 93 28 60
L 4 11 40 5
L 50 72 56 35
L 16 56 85 23
L 57 26 57 26
L 61 69 71 37
L 12 17 22 96
L 41 85 96 17
L 65 29 29 23
L 55 96 32 59
L 34 84 62 53
L 69 57 72 54
L 83 7 63 32
L 48 67 35 11
L 42 23 38 75
L 75 41 11 54
L 70 21 25 59
L 83 5 34 26
L 1 79 98 50
L 34 37 34 93
L 5 76 93 56
L 0 81 48 62
L 55 55 41 13
L 77 11 62 42
L 43 52 78 24
L 13 40 73 96
L 10 18 72 75
L 95 12 32 17
L 88 40 31 69
L 89 97 90 85
L 14 53 45 90
L 58 44 40 51
L 5 92 59 35
L 29 3 81 64
L 97 92 8 75
L 27 61 56 49
L 40 29 41 67
L 77 1 74 13
L 92 13 83 15
L 59 92 1 24
L 84 27 28 70
L 70 98 86 75
L 3 4 47 87
L 63 6 63 21
L 40 89 71 10
L 13 19 42 64
L 32 18 4 91
L 39 75 5 50
L 47 98 22 3
L 64 71 48 84
L 12 45 75 13
L 62 69 78 46
L 44 89 85 19
L 8 45 40 65
L 23 1 70 18
L 87 52 72 32
L 3 1 63 70
L 69 0 27 23
L 43 28 65 15
L 37 43 88 47
L 81 49 63 9
L 60 8 42 88
L 88 54 58 21
L 43 49 90 46
L 67 48 20 30
L 26 35 83 36
L 29 53 38 85
L 59 23 48 24
L 55 44 66 57
L 25 11 26 18
L 96 49 1 55
L 42 64 15 84
L 96 42 13 75
L 6 26 72 48
L 5 4 29 73
L 93 75 12 26
L 41 36 36 65
L 52 56 94 14
L 55 82 38 36
L 41 30 31 15
L 86 37 11 25
L 34 62 50 90
L 52 16 53 93
L 54 33 62 8
L 56 3 34 3
L 13 17 24 48
L 80 0 28 9
L 55 50 58 18
L 76 3 64 61
L 61 2 9 43
L 53 82 48 89
L 23 2 20 74
L 59 78 69 31
L 3 71 19 8
L 92 4 81 45
L 89 98 13 85
L 10 37 38 22
L 61 8 34 61
L 69 15 93 59
L 0 58 69 37
L 15 17 64 71
L 39 30 15 55
L 54 82 88 12
L 74 84 10 85
L 41 51 15 80
L 98 10 79 15
L 32 77 88 73
L 8 13 89 56
L 63 23 90 41
L 0 78 84 28
L 71 74 85 71
L 95 53 67 33
L 29 76 25 68
L 93 9 98 50
L 49 16 80 86
L 64 79 28 67
L 16 26 5 21
L 87 66 26 16
L 86 40 64 81
L 64 21 62 21
L 73 2 15 9
L 62 45 41 24
L 68 6 31 23
L 7 7 2 18
L 30 36 12 81
L 56 84 9 14
L 52 96 93 90
L 48 8 45 54
L 14 31 12 91
L 4 22 58 39
L 79 69 52 95
L 66 18 23 38
L 96 86 98 59
L 22 58 33 62
L 25 37 92 46
L 7 2 58 47
L 0 92 30 98
L 48 52 99 78
L 75 15 40 82
L 97 36 67 62
L 51 28 97 18
L 25 49 30 16
L 40 20 29 58
L 55 62 47 60
L 54 61 92 75
L 46 14 46 98
L 63 38 69 88
L 75 21 15 75
L 70 34 28 15
L 62 57 64 5
L 69 49 24 61
L 33 50 23 30
L 36 37 10 25
L 36 93 78 37
L 49 91 64 14
L 4 37 5 35
L 70 64 23 37
L 85 81 68 8
L 94 52 73 52
L 72 96 26 76
L 19 74 40 49
L 89 41 11 43
L 85 5 65 19
L 9 15 50 16
L 74 93 66 64
L 73 95 0 9
L 68 72 61 89
L 26 68 31 58
L 79 74 22 10
L 91 82 52 10
L 64 74 64 95
L 74 60 55 2
L 47 22 21 72
L 95 5 89 77
L 54 43 50 94
L 39 72 12 81
L 67 62 12 28
L 23 8 15 8
L 86 4 34 59
L 6 45 58 19
L 92 67 0 66
L 74 56 32 87
L 22 83 21 47
L 48 83 76 31
L 76 18 82 23
L 56 82 11 20
L 86 24 25 90
L 34 43 69 77
L 91 68 68 77
L 27 28 83 96
L 12 97 71 26
L 45 8 27 3
L 37 38 85 8
L 50 1 13 43
L 49 50 11 28
L 81 69 54 92
L 93 13 67 65
L 30 72 72 34
L 77 77 42 1
L 81 64 2 70
L 23 37 23 90
L 27 69 95 79
L 58 82 10 42
L 28 70 87 26
L 60 13 58 51
L 10 42 86 83
L 41 34 28 72
L 65 67 3 18
L 50 57 81 38
L 61 58 98 14
L 78 7 56 63
L 75 65 35 89
L 60 33 86 86
L 92 28 48 30
L 35 66 40 33
L 92 37 99 10
L 69 52 28 82
L 52 8 94 44
L 8 35 32 47
L 49 43 97 64
L 0 89 41 15
L 51 23 48 12
L 0 91 33 74
L 19 97 90 54
L 44 31 78 80
L 25 99 87 40
L 93 92 38 83
L 34 60 11 52
L 29 85 97 40
L 92 91 5 40
L 79 78 49 10
L 93 73 77 71
L 76 26 97 20
L 59 78 82 90
L 49 59 89 18
L 8 80 72 24
L 3 77 8 67
L 74 96 7 70
L 61 19 11 22
L 83 63 90 56
L 41 52 32 16
L 96 62 13 54
L 99 4 15 60
L 32 98 80 36
L 17 40 84 87
L 82 41 70 6
L 5 58 23 49
L 16 96 95 21
L 58 79 78 78
L 29 7 50 77
L 76 78 95 81
L 65 84 99 53
L 43 72 8 93
L 55 68 14 29
L 48 22 73 91
L 46 44 86 51
L 16 29 17 77
L 12 69 91 74
L 15 91 93 46
L 52 40 57 49
L 26 87 51 36
L 94 83 55 62
L 65 65 97 80
L 78 78 61 13
L 47 11 40 78
L 89 75 70 45
L 65 33 49 50
L 32 7 82 14
L 82 22 67 96
L 87 31 41 10
L 38 21 79 5
L 46 8 47 51
L 22 89 59 76
L 28 55 86 66
L 77 53 60 14
L 31 61 3 48
L 6 97 55 82
L 81 96 21 52
L 24 47 55 21
L 74 76 35 18
L 53 74 98 59
L 88 43 35 22
L 80 47 32 53
L 1 50 78 26
L 63 55 99 61
L 45 61 73 16
L 53 50 74 73
L 10 99 87 81
L 29 72 65 43
L 81 76 12 81
L 5 71 90 47
L 20 89 32 72
L 93 58 31 65
L 6 48 78 6
L 97 96 66 71
L 88 29 94 20
L 78 69 84 9
L 84 26 15 17
L 97 28 6 68
L 85 99 90 18
L 10 20 99 86
L 85 15 13 71
L 67 31 80 18
L 7 86 44 87
L 31 74 27 60
L 93 68 71 52
L 4 11 37 85
L 22 68 6 77
L 37 42 0 13
L 89 55 88 38
L 84 93 81 47
L 17 93 61 87
L 65 47 82 1
L 95 84 4 53
L 81 64 21 25
L 43 56 6 72
L 68 80 80 93
L 51 68 13 11
L 40 68 79 16
L 63 79 33 31
L 95 36 53 59
L 35 20 74 65
L 25 55 76 80
L 56 59 8 71
L 40 5 32 2
L 62 85 62 75
L 2 97 36 80
L 76 40 80 8
L 46 40 93 58
L 80 97 73 74
L 7 0 72 35
L 88 41 66 55
L 96 15 68 81
L 36 12 9 25
L 42 43 62 55
L 48 12 22 21
L 14 17 68 18
L 59 35 90 50
L 40 3 95 69
L 91 5 99 79
L 53 52 81 61
L 42 87 29 33
L 14 20 83 53
L 29 63 44 18
L 70 69 64 52
L 87 94 47 5
L 40 23 76 26
L 10 88 90 79
L 70 21 45 71
L 78 55 89 83
L 35 62 6 79
L 88 33 96 87
L 90 93 79 35
L 5 1 65 62
L 34 69 67 7
L 45 98 57 71
L 44 38 18 97
L 64 28 63 72
L 4 90 23 1
L 92 97 27 1
L 63 1 63 71
L 45 21 65 21
L 22 41 95 10
L 55 15 51 12
L 82 79 38 93
L 7 22 54 8
L 90 44 38 45
L 23 4 54 39
L 81 24 78 25
L 94 23 33 30
L 45 87 46 30
L 89 50 16 5
L 97 35 63 38
L 8 24 30 9
L 72 20 74 37
L 61 34 55 93
L 75 84 6 56
L 32 41 19 82
L 83 79 79 84
L 18 25 36 67
L 77 19 28 37
L 95 56 91 37
L 32 93 1 60
L 7 75 80 36
L 90 19 74 84
L 29 51 41 76
L 91 72 74 90
L 39 90 87 89
L 81 63 53 93
L 79 76 5 3
L 98 68 39 95
L 21 15 39 83
L 38 22 26 93
L 78 99 81 28
L 34 43 23 91
L 7 2 49 43
L 46 87 41 2
L 0 13 37 91
L 35 62 90 16
L 82 77 10 26
L 74 5 89 60
L 66 95 22 63
L 11 88 38 60
L 67 25 67 45
L 47 63 42 89
L 23 99 17 2
L 51 48 3 26
L 67 58 36 70
L 62 31 5 56
L 31 56 75 19
L 3 91 44 95
L 19 50 15 88
L 33 83 91 72
L 0 69 42 75
L 57 85 78 54
L 3 90 93 33
L 71 22 33 50
L 41 38 90 11
L 58 52 47 58
L 90 83 2 79
L 95 22 68 2
L 42 61 8 35
L 78 88 99 94
L 47 41 57 42
L 13 80 45 69
L 85 61 10 64
L 3 62 4 73
L 29 54 69 2
L 30 49 74 52
L 18 49 44 44
L 73 52 63 65
L 11 47 31 70
L 3 98 98 69
L 43 53 79 52
L 34 63 88 22
L 11 40 22 50
L 77 80 51 92
L 20 78 76 16
L 79 98 48 15
L 62 83 57 35
L 70 20 62 2
L 86 41 73 22
L 92 17 17 88
L 65 49 67 98
L 81 19 32 89
L 31 28 30 3
L 72 30 52 89
L 28 95 7 64
L 77 10 90 81
L 43 59 36 71
L 93 37 33 40
L 82 93 74 30
L 62 90 61 3
L 23 51 97 7
L 3 40 17 90
L 59 61 83 66
L 65 51 86 45
L 97 9 40 1
L 21 58 50 83
L 71 87 81 75
L 79 4 99 87
L 61 30 0 38
L 28 40 5 18
L 60 98 22 59
L 14 81 35 98
L 61 96 93 67
L 38 70 38 46
L 71 17 55 76
L 33 58 52 60
L 1 26 65 55
L 48 93 59 34
L 33 93 92 73
L 11 90 3 37
L 98 27 68 94
L 47 79 48 89
L 75 69 31 49
L 99 36 49 98
L 54 31 43 23
L 67 85 34 61
L 66 4 93 16
L 84 23 8 53
L 69 48 67 92
L 90 14 11 30
L 99 4 43 27
L 58 6 95 74
L 89 9 58 89
L 64 18 40 47
L 3 89 26 75
L 70 40 12 66
L 86 41 95 76
L 83 87 9 51
L 86 50 90 85
L 2 28 81 55
L 65 24 62 77
L 28 85 32 72
L 83 78 89 46
L 45 60 65 25
L 20 55 21 78
L 51 34 73 27
L 1 34 36 75
L 90 74 10 37
L 35 80 71 56
L 18 25 82 45
L 98 37 12 73
L 92 17 62 5
L 3 46 47 39
L 58 39 15 31
L 99 94 45 29
L 62 75 72 45
L 38 80 73 72
L 3 8 42 97
L 1 34 25 77
L 36 69 82 78
L 21 38 39 78
L 75 77 63 26
L 61 0 81 24
L 95 48 2 62
L 7 37 16 84
L 59 44 84 93
L 68 43 58 21
L 41 57 19 77
L 15 23 64 91
L 15 41 29 72
L 59 57 36 15
L 41 93 52 0
L 98 27 48 29
L 33 74 24 24
L 62 70 38 85
L 78 9 84 29
L 24 0 85 23
L 65 12 5 93
L 84 77 7 67
L 91 34 90 4
L 90 34 85 21
L 18 86 98 42
L 76 97 24 21
L 27 8 69 54
L 2 66 68 93
L 18 19 0 38
L 56 39 84 90
L 14 78 32 8
L 20 74 39 87
L 41 88 54 27
L 21 2 42 98
L 9 56 46 4
L 33 61 8 33
L 42 85 4 86
L 20 61 60 42
L 13 87 78 43
L 15 34 91 63
L 11 12 61 56
L 70 38 51 59
L 84 7 7 24
L 58 89 1 51
L 12 13 90 41
L 72 93 60 55
L 73 43 76 2
L 28 75 51 66
L 3 69 61 32
L 51 92 7 29
L 19 70 92 53
L 5 94 7 72
L 9 62 83 40
L 71 60 38 7
L 14 47 54 71
L 66 89 29 23
L 70 32 56 87
L 83 22 66 39
L 91 5 53 60
L 29 87 86 59
L 56 45 17 42
L 66 54 52 88
L 31 19 60 33
L 98 76 67 38
L 7 53 20 14
L 42 22 16 69
L 47 60 63 7
L 43 17 30 93
L 17 26 14 76
L 92 71 20 34
L 93 66 54 64
L 12 0 75 64
L 79 76 51 0
L 61 89 77 43
L 44 34 72 85
L 46 4 63 61
L 30 57 8 88
L 46 74 64 23
L 11 18 81 37
L 23 32 91 92
L 30 61 91 61
L 0 91 69 98
L 14 17 17 79
L 67 36 41 95
L 73 9 53 28
L 16 69 3 81
L 2 85 67 83
L 67 81 57 30
L 71 87 66 10
L 38 64 45 77
L 92 15 47 71
L 53 5 57 11
L 30 40 80 71
L 77 90 20 75
L 89 4 86 98
L 10 88 44 31
L 27 59 19 18
L 16 79 19 9
L 58 53 96 0
L 49 6 93 30
L 94 60 72 54
L 29 46 33 54
L 41 59 28 71
L 33 66 88 21
L 61 29 70 85
L 62 82 8 60
L 97 79 78 6
L 83 69 38 87
L 33 66 95 40
L 34 17 57 9
L 93 58 35 53
L 51 66 93 43
L 74 37 94 40
L 95 51 97 12
L 37 92 92 17
L 10 96 13 30
L 86 9 28 89
L 69 82 40 44
L 62 92 93 20
L 94 7 27 14
L 13 11 13 5
L 95 3 64 93
L 9 46 81 62
L 11 24 68 48
L 33 27 35 54
L 77 27 62 40
L 0 42 40 17
L 54 76 58 0
L 95 31 30 35
L 27 22 23 37
L 54 11 11 29
L 21 93 53 80
L 0 43 28 85
L 52 70 71 55
L 34 40 31 75
L 48 34 86 40
L 12 96 65 39
L 87 31 52 62
L 56 48 57 64
L 1 82 50 70
L 44 32 99 93
L 50 4 75 31
L 1 38 66 26
L 80 41 43 23
L 63 59 18 95
L 54 88 29 28
L 66 69 79 13
L 2 37 77 79
L 72 23 92 15
L 48 53 23 48
L 8 8 97 95
L 81 65 93 11
L 56 28 10 2
L 69 23 65 5
L 84 5 53 15
L 33 40 45 78
L 94 68 0 85
L 81 48 85 33
L 72 10 56 32
L 35 6 1 82
L 37 27 71 60
L 95 33 68 43
L 11 42 3 71
L 93 12 34 79
L 58 34 61 30
L 43 91 6 26
L 84 19 27 88
L 24 35 93 24
L 27 67 82 94
L 89 86 46 5
L 59 50 37 40
L 3 77 56 78
L 25 11 0 42
L 15 16 95 43
L 41 68 6 4
L 13 25 98 35
L 57 18 12 23
L 94 86 39 96
L 11 22 43 46
L 47 58 55 80
L 27 73 90 70
L 72 96 54 13
L 46 41 41 50
L 29 24 13 25
L 93 94 3 95
L 79 40 87 67
L 60 34 25 41
L 92 21 7 0
L 3 17 17 93
L 11 39 93 43
L 48 78 28 25
L 54 44 92 50
L 47 36 53 23
L 4 61 26 46
L 5 86 71 38
L 67 28 56 99
L 66 91 19 51
L 87 93 46 17
L 99 67 12 21
L 28 1 97 44
L 68 68 4 42
L 20 62 96 41
L 19 25 18 44
L 59 84 74 84
L 3 95 14 49
L 14 37 51 32
L 90 19 51 63
L 84 18 83 17
L 48 69 86 52
L 68 24 97 37
L 82 93 48 27
L 77 93 69 71
L 43 84 4 14
L 92 93 11 95
L 90 99 90 98
L 74 49 74 93
L 18 69 73 14
L 11 38 33 65
L 49 8 63 52
L 20 31 45 88
L 21 68 71 6
L 82 47 57 58
L 6 23 22 38
L 45 56 89 6
L 50 18 23 51
L 6 91 36 97
L 80 51 13 10
L 45 41 43 44
L 14 5 49 78
L 4 24 27 85
L 55 27 17 56
L 98 68 86 2
L 58 89 11 79
L 32 10 75 90
L 12 50 96 89
L 36 72 29 22
L 70 76 53 77
L 97 51 52 85
L 93 35 1 51
L 28 16 16 72
L 96 38 25 11
L 26 56 44 39
L 21 88 58 2
L 28 77 8 86
L 80 49 47 79
L 26 62 28 45
L 47 91 77 19
L 84 6 31 85
L 56 9 69 54
L 16 65 45 21
L 90 35 97 60
L 86 5 49 77
L 77 43 75 88
L 82 55 87 30
L 89 54 0 53
L 10 8 15 88
L 7 97 99 40
L 85 37 4 54
L 12 13 92 99
L 29 51 83 82
L 64 0 33 37
L 10 68 57 83
L 32 41 8 68
L 1 99 84 37
L 92 56 83 69
L 10 12 87 40
L 15 63 35 20
L 34 74 77 97
L 86 78 33 53
L 49 75 34 24
L 92 24 84 12
L 13 55 22 4
L 60 84 73 62
L 22 97 53 22
L 6 17 37 50
L 36 5 97 31
L 98 90 99 57
L 92 84 47 85
L 28 55 96 25
L 95 28 42 38
L 67 6 37 42
L 46 5 93 53
L 65 54 24 9
L 92 9 6 39
L 61 36 75 99
L 27 13 18 47
L 41 9 96 12
L 15 34 90 30
L 44 66 23 86
L 93 16 37 36
L 77 44 71 49
L 85 90 0 85
L 6 68 18 25
L 25 41 8 29
L 70 16 80 36
L 36 28 47 84
L 64 23 0 4
L 4 50 40 11
L 70 41 66 83
L 56 88 6 45
L 78 57 66 7
L 91 55 74 99
L 96 58 32 90
L 7 67 90 17
L 2 62 46 34
L 6 95 26 39
L 79 86 50 14
L 1 79 22 76
L 57 64 76 12
L 44 12 38 70
L 43 0 80 61
L 39 47 61 56
L 79 52 90 8
L 84 7 19 18
L 13 75 77 47
L 39 42 71 9
L 34 1 21 36
L 69 36 58 29
L 2 98 4 97
L 65 32 38 5
L 23 79 81 16
L 82 13 71 27
L 19 88 16 40
L 51 59 13 89
L 38 64 83 71
L 1 59 84 12
L 14 59 33 74
L 41 22 95 49
L 65 52 77 16
L 67 10 38 91
L 22 24 87 55
L 4 48 41 39
L 72 41 68 34
L 37 76 74 68
L 18 45 41 33
L 46 52 74 15
L 81 66 24 56
L 96 34 40 44
L 18 5 27 76
L 91 65 41 91
L 17 0 59 71
L 64 24 43 16
L 66 2 57 5
L 89 32 46 75
L 52 3 45 46
L 84 53 26 1
L 46 5 50 49
L 95 36 70 25
L 56 32 23 93
L 92 76 10 96
L 52 95 90 50
L 61 36 15 50
L 34 29 84 60
L 36 6 82 50
L 82 17 90 84
